
********* experiment 1 *******************************

single : 54.05902610000339 seconds,

multi : 48.05902610000339 seconds,

********* experiment 2 *******************************


single : 56.24719970001024 seconds,

multi : 5.0902845000091475 seconds,


********* experiment 3 *******************************


single : 59.807161999997334 seconds,

multi : 14.13318820000859 seconds,



